5.562684646268003E-309
1.1125369292536007E-308
2.225073858507202E-308
4.450147717014404E-308
8.900295434028808E-308
1.7800590868057615E-307
3.560118173611523E-307
7.120236347223046E-307
1.4240472694446092E-306
2.8480945388892184E-306
5.696189077778437E-306
1.1392378155556874E-305
2.2784756311113747E-305
4.556951262222749E-305
9.113902524445499E-305
1.8227805048890998E-304
3.6455610097781996E-304
7.291122019556399E-304
1.4582244039112798E-303
2.9164488078225596E-303
5.832897615645119E-303
1.1665795231290239E-302
2.3331590462580477E-302
4.666318092516095E-302
9.33263618503219E-302
1.866527237006438E-301
3.733054474012876E-301
7.466108948025753E-301
1.4932217896051505E-300
2.986443579210301E-300
5.972887158420602E-300
1.1945774316841204E-299
2.389154863368241E-299
4.778309726736482E-299
9.556619453472963E-299
1.9113238906945927E-298
3.822647781389185E-298
7.64529556277837E-298
1.529059112555674E-297
3.058118225111348E-297
6.116236450222697E-297
1.2232472900445393E-296
2.4464945800890786E-296
4.892989160178157E-296
9.785978320356315E-296
1.957195664071263E-295
3.914391328142526E-295
7.828782656285052E-295
1.5657565312570103E-294
3.131513062514021E-294
6.263026125028041E-294
1.2526052250056083E-293
2.5052104500112165E-293
5.010420900022433E-293
1.0020841800044866E-292
2.0041683600089732E-292
4.0083367200179464E-292
8.016673440035893E-292
1.6033346880071786E-291
3.206669376014357E-291
6.413338752028714E-291
1.282667750405743E-290
2.565335500811486E-290
5.130671001622971E-290
1.0261342003245943E-289
2.0522684006491886E-289
4.104536801298377E-289
8.209073602596754E-289
1.641814720519351E-288
3.283629441038702E-288
6.567258882077403E-288
1.3134517764154807E-287
2.6269035528309614E-287
5.253807105661923E-287
1.0507614211323846E-286
2.101522842264769E-286
4.203045684529538E-286
8.406091369059076E-286
1.6812182738118153E-285
3.3624365476236306E-285
6.724873095247261E-285
1.3449746190494522E-284
2.6899492380989045E-284
5.379898476197809E-284
1.0759796952395618E-283
2.1519593904791236E-283
4.303918780958247E-283
8.607837561916494E-283
1.721567512383299E-282
3.443135024766598E-282
6.886270049533195E-282
1.377254009906639E-281
2.754508019813278E-281
5.509016039626556E-281
1.1018032079253113E-280
2.2036064158506225E-280
4.407212831701245E-280
8.81442566340249E-280
1.762885132680498E-279
3.525770265360996E-279
7.051540530721992E-279
1.4103081061443984E-278
2.820616212288797E-278
5.641232424577594E-278
1.1282464849155187E-277
2.2564929698310375E-277
4.512985939662075E-277
9.02597187932415E-277
1.80519437586483E-276
3.61038875172966E-276
7.22077750345932E-276
1.444155500691864E-275
2.888311001383728E-275
5.776622002767456E-275
1.1553244005534912E-274
2.3106488011069824E-274
4.621297602213965E-274
9.24259520442793E-274
1.848519040885586E-273
3.697038081771172E-273
7.394076163542344E-273
1.4788152327084687E-272
2.9576304654169374E-272
5.915260930833875E-272
1.183052186166775E-271
2.36610437233355E-271
4.7322087446671E-271
9.4644174893342E-271
1.89288349786684E-270
3.78576699573368E-270
7.57153399146736E-270
1.514306798293472E-269
3.028613596586944E-269
6.057227193173888E-269
1.2114454386347776E-268
2.422890877269555E-268
4.84578175453911E-268
9.69156350907822E-268
1.938312701815644E-267
3.876625403631288E-267
7.753250807262576E-267
1.5506501614525153E-266
3.1013003229050306E-266
6.202600645810061E-266
1.2405201291620122E-265
2.4810402583240245E-265
4.962080516648049E-265
9.924161033296098E-265
1.9848322066592196E-264
3.969664413318439E-264
7.939328826636878E-264
1.5878657653273757E-263
3.175731530654751E-263
6.351463061309503E-263
1.2702926122619005E-262
2.540585224523801E-262
5.081170449047602E-262
1.0162340898095204E-261
2.032468179619041E-261
4.064936359238082E-261
8.129872718476163E-261
1.6259745436952327E-260
3.251949087390465E-260
6.50389817478093E-260
1.300779634956186E-259
2.601559269912372E-259
5.203118539824745E-259
1.040623707964949E-258
2.081247415929898E-258
4.162494831859796E-258
8.324989663719591E-258
1.6649979327439183E-257
3.3299958654878365E-257
6.659991730975673E-257
1.3319983461951346E-256
2.663996692390269E-256
5.327993384780538E-256
1.0655986769561077E-255
2.1311973539122154E-255
4.262394707824431E-255
8.524789415648861E-255
1.7049578831297723E-254
3.4099157662595446E-254
6.819831532519089E-254
1.3639663065038178E-253
2.7279326130076357E-253
5.455865226015271E-253
1.0911730452030543E-252
2.1823460904061085E-252
4.364692180812217E-252
8.729384361624434E-252
1.745876872324887E-251
3.491753744649774E-251
6.983507489299547E-251
1.3967014978599095E-250
2.793402995719819E-250
5.586805991439638E-250
1.1173611982879276E-249
2.234722396575855E-249
4.46944479315171E-249
8.93888958630342E-249
1.787777917260684E-248
3.575555834521368E-248
7.151111669042736E-248
1.4302223338085473E-247
2.8604446676170946E-247
5.720889335234189E-247
1.1441778670468378E-246
2.2883557340936757E-246
4.576711468187351E-246
9.153422936374703E-246
1.8306845872749405E-245
3.661369174549881E-245
7.322738349099762E-245
1.4645476698199524E-244
2.929095339639905E-244
5.85819067927981E-244
1.171638135855962E-243
2.343276271711924E-243
4.686552543423848E-243
9.373105086847696E-243
1.874621017369539E-242
3.749242034739078E-242
7.498484069478156E-242
1.4996968138956313E-241
2.9993936277912626E-241
5.998787255582525E-241
1.199757451116505E-240
2.39951490223301E-240
4.79902980446602E-240
9.59805960893204E-240
1.919611921786408E-239
3.839223843572816E-239
7.678447687145632E-239
1.5356895374291264E-238
3.071379074858253E-238
6.142758149716506E-238
1.2285516299433012E-237
2.4571032598866023E-237
4.914206519773205E-237
9.82841303954641E-237
1.965682607909282E-236
3.931365215818564E-236
7.862730431637127E-236
1.5725460863274255E-235
3.145092172654851E-235
6.290184345309702E-235
1.2580368690619404E-234
2.516073738123881E-234
5.032147476247762E-234
1.0064294952495523E-233
2.0128589904991046E-233
4.025717980998209E-233
8.051435961996418E-233
1.6102871923992837E-232
3.2205743847985674E-232
6.441148769597135E-232
1.288229753919427E-231
2.576459507838854E-231
5.152919015677708E-231
1.0305838031355416E-230
2.061167606271083E-230
4.122335212542166E-230
8.244670425084332E-230
1.6489340850168665E-229
3.297868170033733E-229
6.595736340067466E-229
1.3191472680134932E-228
2.6382945360269864E-228
5.276589072053973E-228
1.0553178144107946E-227
2.110635628821589E-227
4.221271257643178E-227
8.442542515286356E-227
1.6885085030572713E-226
3.3770170061145426E-226
6.754034012229085E-226
1.350806802445817E-225
2.701613604891634E-225
5.403227209783268E-225
1.0806454419566536E-224
2.1612908839133072E-224
4.3225817678266145E-224
8.645163535653229E-224
1.7290327071306458E-223
3.4580654142612916E-223
6.916130828522583E-223
1.3832261657045166E-222
2.766452331409033E-222
5.532904662818067E-222
1.1065809325636133E-221
2.2131618651272266E-221
4.426323730254453E-221
8.852647460508906E-221
1.7705294921017813E-220
3.5410589842035626E-220
7.082117968407125E-220
1.416423593681425E-219
2.83284718736285E-219
5.6656943747257E-219
1.13313887494514E-218
2.26627774989028E-218
4.53255549978056E-218
9.06511099956112E-218
1.813022199912224E-217
3.626044399824448E-217
7.252088799648896E-217
1.4504177599297792E-216
2.9008355198595585E-216
5.801671039719117E-216
1.1603342079438234E-215
2.320668415887647E-215
4.641336831775294E-215
9.282673663550587E-215
1.8565347327101174E-214
3.713069465420235E-214
7.42613893084047E-214
1.485227786168094E-213
2.970455572336188E-213
5.940911144672376E-213
1.1881822289344752E-212
2.3763644578689503E-212
4.752728915737901E-212
9.505457831475801E-212
1.9010915662951602E-211
3.8021831325903205E-211
7.604366265180641E-211
1.5208732530361282E-210
3.0417465060722564E-210
6.083493012144513E-210
1.2166986024289026E-209
2.433397204857805E-209
4.86679440971561E-209
9.73358881943122E-209
1.946717763886244E-208
3.893435527772488E-208
7.786871055544976E-208
1.5573742111089953E-207
3.1147484222179905E-207
6.229496844435981E-207
1.2458993688871962E-206
2.4917987377743924E-206
4.983597475548785E-206
9.96719495109757E-206
1.993438990219514E-205
3.986877980439028E-205
7.973755960878056E-205
1.594751192175611E-204
3.189502384351222E-204
6.379004768702445E-204
1.275800953740489E-203
2.551601907480978E-203
5.103203814961956E-203
1.0206407629923911E-202
2.0412815259847823E-202
4.082563051969565E-202
8.16512610393913E-202
1.633025220787826E-201
3.266050441575652E-201
6.532100883151303E-201
1.3064201766302607E-200
2.6128403532605213E-200
5.225680706521043E-200
1.0451361413042085E-199
2.090272282608417E-199
4.180544565216834E-199
8.361089130433668E-199
1.6722178260867336E-198
3.344435652173467E-198
6.688871304346935E-198
1.337774260869387E-197
2.675548521738774E-197
5.351097043477548E-197
1.0702194086955095E-196
2.140438817391019E-196
4.280877634782038E-196
8.561755269564076E-196
1.7123510539128153E-195
3.4247021078256305E-195
6.849404215651261E-195
1.3698808431302522E-194
2.7397616862605044E-194
5.479523372521009E-194
1.0959046745042018E-193
2.1918093490084035E-193
4.383618698016807E-193
8.767237396033614E-193
1.753447479206723E-192
3.506894958413446E-192
7.013789916826891E-192
1.4027579833653783E-191
2.8055159667307565E-191
5.611031933461513E-191
1.1222063866923026E-190
2.244412773384605E-190
4.48882554676921E-190
8.97765109353842E-190
1.795530218707684E-189
3.591060437415368E-189
7.182120874830737E-189
1.4364241749661473E-188
2.8728483499322947E-188
5.745696699864589E-188
1.1491393399729179E-187
2.2982786799458357E-187
4.596557359891671E-187
9.193114719783343E-187
1.8386229439566686E-186
3.677245887913337E-186
7.354491775826674E-186
1.470898355165335E-185
2.94179671033067E-185
5.88359342066134E-185
1.176718684132268E-184
2.353437368264536E-184
4.706874736529072E-184
9.413749473058143E-184
1.8827498946116286E-183
3.765499789223257E-183
7.530999578446515E-183
1.506199915689303E-182
3.012399831378606E-182
6.024799662757212E-182
1.2049599325514423E-181
2.4099198651028847E-181
4.819839730205769E-181
9.639679460411539E-181
1.9279358920823077E-180
3.8558717841646154E-180
7.711743568329231E-180
1.5423487136658462E-179
3.0846974273316924E-179
6.169394854663385E-179
1.233878970932677E-178
2.467757941865354E-178
4.935515883730708E-178
9.871031767461416E-178
1.974206353492283E-177
3.948412706984566E-177
7.896825413969132E-177
1.5793650827938265E-176
3.158730165587653E-176
6.317460331175306E-176
1.2634920662350612E-175
2.5269841324701224E-175
5.053968264940245E-175
1.010793652988049E-174
2.021587305976098E-174
4.043174611952196E-174
8.086349223904392E-174
1.6172698447808783E-173
3.234539689561757E-173
6.469079379123513E-173
1.2938158758247027E-172
2.5876317516494053E-172
5.175263503298811E-172
1.0350527006597621E-171
2.0701054013195243E-171
4.1402108026390485E-171
8.280421605278097E-171
1.6560843210556194E-170
3.312168642111239E-170
6.624337284222478E-170
1.3248674568444955E-169
2.649734913688991E-169
5.299469827377982E-169
1.0598939654755964E-168
2.119787930951193E-168
4.239575861902386E-168
8.479151723804771E-168
1.6958303447609543E-167
3.3916606895219085E-167
6.783321379043817E-167
1.3566642758087634E-166
2.713328551617527E-166
5.426657103235054E-166
1.0853314206470107E-165
2.1706628412940215E-165
4.341325682588043E-165
8.682651365176086E-165
1.736530273035217E-164
3.473060546070434E-164
6.946121092140869E-164
1.3892242184281737E-163
2.7784484368563475E-163
5.556896873712695E-163
1.111379374742539E-162
2.222758749485078E-162
4.445517498970156E-162
8.891034997940312E-162
1.7782069995880624E-161
3.556413999176125E-161
7.11282799835225E-161
1.42256559967045E-160
2.8451311993409E-160
5.6902623986818E-160
1.13805247973636E-159
2.27610495947272E-159
4.55220991894544E-159
9.10441983789088E-159
1.820883967578176E-158
3.641767935156352E-158
7.283535870312704E-158
1.4567071740625407E-157
2.9134143481250814E-157
5.826828696250163E-157
1.1653657392500326E-156
2.330731478500065E-156
4.66146295700013E-156
9.32292591400026E-156
1.864585182800052E-155
3.729170365600104E-155
7.458340731200208E-155
1.4916681462400417E-154
2.9833362924800834E-154
5.966672584960167E-154
1.1933345169920333E-153
2.3866690339840667E-153
4.773338067968133E-153
9.546676135936267E-153
1.9093352271872534E-152
3.818670454374507E-152
7.637340908749013E-152
1.5274681817498027E-151
3.0549363634996054E-151
6.109872726999211E-151
1.2219745453998421E-150
2.4439490907996843E-150
4.887898181599369E-150
9.775796363198737E-150
1.9551592726397474E-149
3.910318545279495E-149
7.82063709055899E-149
1.564127418111798E-148
3.128254836223596E-148
6.256509672447192E-148
1.2513019344894384E-147
2.5026038689788767E-147
5.005207737957753E-147
1.0010415475915507E-146
2.0020830951831014E-146
4.004166190366203E-146
8.008332380732405E-146
1.601666476146481E-145
3.203332952292962E-145
6.406665904585924E-145
1.281333180917185E-144
2.56266636183437E-144
5.12533272366874E-144
1.025066544733748E-143
2.050133089467496E-143
4.100266178934992E-143
8.200532357869983E-143
1.6401064715739966E-142
3.280212943147993E-142
6.560425886295987E-142
1.3120851772591973E-141
2.6241703545183946E-141
5.248340709036789E-141
1.0496681418073579E-140
2.0993362836147157E-140
4.198672567229431E-140
8.397345134458863E-140
1.6794690268917726E-139
3.358938053783545E-139
6.71787610756709E-139
1.343575221513418E-138
2.687150443026836E-138
5.374300886053672E-138
1.0748601772107344E-137
2.149720354421469E-137
4.299440708842938E-137
8.598881417685876E-137
1.719776283537175E-136
3.43955256707435E-136
6.8791051341487E-136
1.37582102682974E-135
2.75164205365948E-135
5.50328410731896E-135
1.100656821463792E-134
2.201313642927584E-134
4.402627285855168E-134
8.805254571710337E-134
1.7610509143420673E-133
3.522101828684135E-133
7.04420365736827E-133
1.408840731473654E-132
2.817681462947308E-132
5.635362925894615E-132
1.127072585178923E-131
2.254145170357846E-131
4.508290340715692E-131
9.016580681431385E-131
1.803316136286277E-130
3.606632272572554E-130
7.213264545145108E-130
1.4426529090290215E-129
2.885305818058043E-129
5.770611636116086E-129
1.1541223272232172E-128
2.3082446544464345E-128
4.616489308892869E-128
9.232978617785738E-128
1.8465957235571476E-127
3.693191447114295E-127
7.38638289422859E-127
1.477276578845718E-126
2.954553157691436E-126
5.909106315382872E-126
1.1818212630765744E-125
2.363642526153149E-125
4.727285052306298E-125
9.454570104612596E-125
1.890914020922519E-124
3.781828041845038E-124
7.563656083690076E-124
1.5127312167380153E-123
3.0254624334760306E-123
6.050924866952061E-123
1.2101849733904122E-122
2.4203699467808245E-122
4.840739893561649E-122
9.681479787123298E-122
1.9362959574246596E-121
3.872591914849319E-121
7.745183829698638E-121
1.5490367659397277E-120
3.098073531879455E-120
6.19614706375891E-120
1.239229412751782E-119
2.478458825503564E-119
4.956917651007128E-119
9.913835302014257E-119
1.9827670604028514E-118
3.965534120805703E-118
7.931068241611406E-118
1.586213648322281E-117
3.172427296644562E-117
6.344854593289124E-117
1.268970918657825E-116
2.53794183731565E-116
5.0758836746313E-116
1.01517673492626E-115
2.03035346985252E-115
4.06070693970504E-115
8.12141387941008E-115
1.624282775882016E-114
3.248565551764032E-114
6.497131103528063E-114
1.2994262207056127E-113
2.5988524414112254E-113
5.197704882822451E-113
1.0395409765644902E-112
2.0790819531289803E-112
4.158163906257961E-112
8.316327812515921E-112
1.6632655625031842E-111
3.3265311250063685E-111
6.653062250012737E-111
1.3306124500025474E-110
2.661224900005095E-110
5.32244980001019E-110
1.064489960002038E-109
2.128979920004076E-109
4.257959840008152E-109
8.515919680016303E-109
1.7031839360032607E-108
3.406367872006521E-108
6.812735744013043E-108
1.3625471488026085E-107
2.725094297605217E-107
5.450188595210434E-107
1.0900377190420868E-106
2.1800754380841737E-106
4.360150876168347E-106
8.720301752336695E-106
1.744060350467339E-105
3.488120700934678E-105
6.976241401869356E-105
1.395248280373871E-104
2.790496560747742E-104
5.580993121495485E-104
1.116198624299097E-103
2.232397248598194E-103
4.464794497196388E-103
8.929588994392775E-103
1.785917798878555E-102
3.57183559775711E-102
7.14367119551422E-102
1.428734239102844E-101
2.857468478205688E-101
5.714936956411376E-101
1.1429873912822752E-100
2.2859747825645505E-100
4.571949565129101E-100
9.143899130258202E-100
1.8287798260516404E-99
3.657559652103281E-99
7.315119304206562E-99
1.4630238608413123E-98
2.9260477216826246E-98
5.852095443365249E-98
1.1704190886730498E-97
2.3408381773460997E-97
4.681676354692199E-97
9.363352709384399E-97
1.8726705418768797E-96
3.7453410837537595E-96
7.490682167507519E-96
1.4981364335015038E-95
2.9962728670030076E-95
5.992545734006015E-95
1.198509146801203E-94
2.397018293602406E-94
4.794036587204812E-94
9.588073174409624E-94
1.917614634881925E-93
3.83522926976385E-93
7.6704585395277E-93
1.53409170790554E-92
3.06818341581108E-92
6.13636683162216E-92
1.227273366324432E-91
2.454546732648864E-91
4.909093465297728E-91
9.818186930595455E-91
1.963637386119091E-90
3.927274772238182E-90
7.854549544476364E-90
1.570909908895273E-89
3.141819817790546E-89
6.283639635581091E-89
1.2567279271162183E-88
2.5134558542324366E-88
5.026911708464873E-88
1.0053823416929746E-87
2.0107646833859492E-87
4.0215293667718985E-87
8.043058733543797E-87
1.6086117467087594E-86
3.217223493417519E-86
6.434446986835038E-86
1.2868893973670075E-85
2.573778794734015E-85
5.14755758946803E-85
1.029511517893606E-84
2.059023035787212E-84
4.118046071574424E-84
8.236092143148848E-84
1.6472184286297696E-83
3.294436857259539E-83
6.588873714519078E-83
1.3177747429038157E-82
2.6355494858076314E-82
5.271098971615263E-82
1.0542197943230526E-81
2.108439588646105E-81
4.21687917729221E-81
8.43375835458442E-81
1.686751670916884E-80
3.373503341833768E-80
6.747006683667536E-80
1.3494013367335073E-79
2.6988026734670145E-79
5.397605346934029E-79
1.0795210693868058E-78
2.1590421387736116E-78
4.318084277547223E-78
8.636168555094447E-78
1.7272337110188893E-77
3.454467422037779E-77
6.908934844075557E-77
1.3817869688151114E-76
2.763573937630223E-76
5.527147875260446E-76
1.1054295750520892E-75
2.2108591501041783E-75
4.421718300208357E-75
8.843436600416713E-75
1.7686873200833427E-74
3.537374640166685E-74
7.07474928033337E-74
1.414949856066674E-73
2.829899712133348E-73
5.659799424266696E-73
1.1319598848533393E-72
2.2639197697066786E-72
4.527839539413357E-72
9.055679078826714E-72
1.811135815765343E-71
3.622271631530686E-71
7.244543263061372E-71
1.4489086526122743E-70
2.8978173052245486E-70
5.795634610449097E-70
1.1591269220898194E-69
2.318253844179639E-69
4.636507688359278E-69
9.273015376718556E-69
1.854603075343711E-68
3.709206150687422E-68
7.418412301374844E-68
1.483682460274969E-67
2.967364920549938E-67
5.934729841099876E-67
1.186945968219975E-66
2.37389193643995E-66
4.7477838728799E-66
9.4955677457598E-66
1.89911354915196E-65
3.79822709830392E-65
7.59645419660784E-65
1.519290839321568E-64
3.038581678643136E-64
6.077163357286273E-64
1.2154326714572545E-63
2.430865342914509E-63
4.861730685829018E-63
9.723461371658036E-63
1.944692274331607E-62
3.889384548663214E-62
7.778769097326429E-62
1.5557538194652858E-61
3.1115076389305715E-61
6.223015277861143E-61
1.2446030555722286E-60
2.489206111144457E-60
4.978412222288914E-60
9.95682444457783E-60
1.991364888915566E-59
3.982729777831132E-59
7.965459555662263E-59
1.5930919111324526E-58
3.186183822264905E-58
6.37236764452981E-58
1.274473528905962E-57
2.548947057811924E-57
5.097894115623848E-57
1.0195788231247697E-56
2.0391576462495394E-56
4.078315292499079E-56
8.156630584998157E-56
1.6313261169996315E-55
3.262652233999263E-55
6.525304467998526E-55
1.3050608935997052E-54
2.6101217871994104E-54
5.220243574398821E-54
1.0440487148797642E-53
2.0880974297595283E-53
4.176194859519057E-53
8.352389719038113E-53
1.6704779438076226E-52
3.340955887615245E-52
6.68191177523049E-52
1.336382355046098E-51
2.672764710092196E-51
5.345529420184392E-51
1.0691058840368785E-50
2.138211768073757E-50
4.276423536147514E-50
8.552847072295028E-50
1.7105694144590056E-49
3.421138828918011E-49
6.842277657836022E-49
1.3684555315672045E-48
2.736911063134409E-48
5.473822126268818E-48
1.0947644252537636E-47
2.189528850507527E-47
4.379057701015054E-47
8.758115402030109E-47
1.7516230804060217E-46
3.5032461608120435E-46
7.006492321624087E-46
1.4012984643248174E-45
2.802596928649635E-45
5.60519385729927E-45
1.121038771459854E-44
2.242077542919708E-44
4.484155085839416E-44
8.968310171678831E-44
1.7936620343357662E-43
3.5873240686715325E-43
7.174648137343065E-43
1.434929627468613E-42
2.869859254937226E-42
5.739718509874452E-42
1.1479437019748904E-41
2.295887403949781E-41
4.591774807899562E-41
9.183549615799123E-41
1.8367099231598246E-40
3.673419846319649E-40
7.346839692639299E-40
1.4693679385278597E-39
2.9387358770557194E-39
5.877471754111439E-39
1.1754943508222878E-38
2.3509887016445755E-38
4.701977403289151E-38
9.403954806578302E-38
1.8807909613156604E-37
3.761581922631321E-37
7.523163845262642E-37
1.5046327690525283E-36
3.009265538105057E-36
6.018531076210113E-36
1.2037062152420227E-35
2.4074124304840454E-35
4.814824860968091E-35
9.629649721936181E-35
1.9259299443872363E-34
3.8518598887744726E-34
7.703719777548945E-34
1.540743955509789E-33
3.081487911019578E-33
6.162975822039156E-33
1.2325951644078312E-32
2.4651903288156624E-32
4.930380657631325E-32
9.86076131526265E-32
1.97215226305253E-31
3.94430452610506E-31
7.88860905221012E-31
1.577721810442024E-30
3.155443620884048E-30
6.310887241768096E-30
1.2621774483536192E-29
2.5243548967072383E-29
5.048709793414477E-29
1.0097419586828953E-28
2.0194839173657907E-28
4.038967834731581E-28
8.077935669463163E-28
1.6155871338926325E-27
3.231174267785265E-27
6.46234853557053E-27
1.292469707114106E-26
2.584939414228212E-26
5.169878828456424E-26
1.0339757656912848E-25
2.0679515313825696E-25
4.135903062765139E-25
8.271806125530279E-25
1.6543612251060557E-24
3.3087224502121114E-24
6.617444900424223E-24
1.3234889800848446E-23
2.646977960169689E-23
5.293955920339378E-23
1.0587911840678757E-22
2.1175823681357513E-22
4.235164736271503E-22
8.470329472543005E-22
1.694065894508601E-21
3.388131789017202E-21
6.776263578034404E-21
1.3552527156068808E-20
2.7105054312137617E-20
5.421010862427523E-20
1.0842021724855047E-19
2.1684043449710093E-19
4.336808689942019E-19
8.673617379884037E-19
1.7347234759768075E-18
3.469446951953615E-18
6.93889390390723E-18
1.387778780781446E-17
2.775557561562892E-17
5.551115123125784E-17
1.1102230246251568E-16
2.2204460492503136E-16
4.440892098500627E-16
8.881784197001254E-16
1.776356839400251E-15
3.552713678800502E-15
7.105427357601003E-15
1.4210854715202007E-14
2.8421709430404014E-14
5.684341886080803E-14
1.1368683772161605E-13
2.273736754432321E-13
4.547473508864642E-13
9.094947017729284E-13
1.818989403545857E-12
3.637978807091714E-12
7.275957614183428E-12
1.4551915228366855E-11
2.910383045673371E-11
5.820766091346742E-11
1.1641532182693484E-10
2.328306436538697E-10
4.656612873077394E-10
9.313225746154787E-10
1.8626451492309574E-9
3.725290298461915E-9
7.45058059692383E-9
1.490116119384766E-8
2.980232238769532E-8
5.960464477539064E-8
1.1920928955078128E-7
2.3841857910156255E-7
4.768371582031251E-7
9.536743164062502E-7
1.9073486328125004E-6
3.814697265625001E-6
7.629394531250002E-6
1.5258789062500003E-5
3.051757812500001E-5
6.103515625000001E-5
1.2207031250000003E-4
2.4414062500000005E-4
4.882812500000001E-4
9.765625000000002E-4
0.0019531250000000004
0.003906250000000001
0.007812500000000002
0.015625000000000003
0.03125000000000001
0.06250000000000001
0.12500000000000003
0.25000000000000006
0.5000000000000001
1.0000000000000002
2.0000000000000004
4.000000000000001
8.000000000000002
16.000000000000004
32.00000000000001
64.00000000000001
128.00000000000003
256.00000000000006
512.0000000000001
1024.0000000000002
2048.0000000000005
4096.000000000001
8192.000000000002
16384.000000000004
32768.00000000001
65536.00000000001
131072.00000000003
262144.00000000006
524288.0000000001
1048576.0000000002
2097152.0000000005
4194304.000000001
8388608.000000002
1.6777216000000004E7
3.355443200000001E7
6.710886400000001E7
1.3421772800000003E8
2.6843545600000006E8
5.368709120000001E8
1.0737418240000002E9
2.1474836480000005E9
4.294967296000001E9
8.589934592000002E9
1.7179869184000004E10
3.435973836800001E10
6.871947673600002E10
1.3743895347200003E11
2.7487790694400006E11
5.497558138880001E11
1.0995116277760002E12
2.1990232555520005E12
4.398046511104001E12
8.796093022208002E12
1.7592186044416004E13
3.518437208883201E13
7.036874417766402E13
1.4073748835532803E14
2.8147497671065606E14
5.629499534213121E14
1.1258999068426242E15
2.2517998136852485E15
4.503599627370497E15
9.007199254740994E15
1.8014398509481988E16
3.6028797018963976E16
7.2057594037927952E16
1.44115188075855904E17
2.8823037615171181E17
5.7646075230342362E17
1.15292150460684723E18
2.3058430092136945E18
4.6116860184273889E18
9.223372036854778E18
1.8446744073709556E19
3.689348814741911E19
7.378697629483822E19
1.4757395258967645E20
2.951479051793529E20
5.902958103587058E20
1.1805916207174116E21
2.361183241434823E21
4.722366482869646E21
9.444732965739293E21
1.8889465931478585E22
3.777893186295717E22
7.555786372591434E22
1.5111572745182868E23
3.0223145490365736E23
6.044629098073147E23
1.2089258196146294E24
2.417851639229259E24
4.835703278458518E24
9.671406556917036E24
1.934281311383407E25
3.868562622766814E25
7.737125245533628E25
1.5474250491067257E26
3.0948500982134514E26
6.189700196426903E26
1.2379400392853805E27
2.475880078570761E27
4.951760157141522E27
9.903520314283044E27
1.980704062856609E28
3.961408125713218E28
7.922816251426436E28
1.584563250285287E29
3.169126500570574E29
6.338253001141148E29
1.2676506002282297E30
2.5353012004564594E30
5.070602400912919E30
1.0141204801825837E31
2.0282409603651675E31
4.056481920730335E31
8.11296384146067E31
1.622592768292134E32
3.245185536584268E32
6.490371073168536E32
1.2980742146337072E33
2.5961484292674144E33
5.192296858534829E33
1.0384593717069658E34
2.0769187434139315E34
4.153837486827863E34
8.307674973655726E34
1.6615349947311452E35
3.3230699894622904E35
6.646139978924581E35
1.3292279957849162E36
2.6584559915698323E36
5.316911983139665E36
1.063382396627933E37
2.126764793255866E37
4.253529586511732E37
8.507059173023463E37
1.7014118346046927E38
3.4028236692093854E38
6.805647338418771E38
1.3611294676837542E39
2.7222589353675083E39
5.444517870735017E39
1.0889035741470033E40
2.1778071482940066E40
4.355614296588013E40
8.711228593176027E40
1.7422457186352053E41
3.484491437270411E41
6.968982874540821E41
1.3937965749081643E42
2.7875931498163285E42
5.575186299632657E42
1.1150372599265314E43
2.230074519853063E43
4.460149039706126E43
8.920298079412251E43
1.7840596158824502E44
3.5681192317649005E44
7.136238463529801E44
1.4272476927059602E45
2.8544953854119204E45
5.708990770823841E45
1.1417981541647682E46
2.2835963083295363E46
4.567192616659073E46
9.134385233318145E46
1.826877046663629E47
3.653754093327258E47
7.307508186654516E47
1.4615016373309032E48
2.9230032746618065E48
5.846006549323613E48
1.1692013098647226E49
2.338402619729445E49
4.67680523945889E49
9.35361047891778E49
1.870722095783556E50
3.741444191567112E50
7.482888383134225E50
1.496577676626845E51
2.99315535325369E51
5.98631070650738E51
1.197262141301476E52
2.394524282602952E52
4.789048565205904E52
9.578097130411807E52
1.9156194260823615E53
3.831238852164723E53
7.662477704329446E53
1.5324955408658892E54
3.0649910817317784E54
6.129982163463557E54
1.2259964326927114E55
2.4519928653854227E55
4.903985730770845E55
9.80797146154169E55
1.961594292308338E56
3.923188584616676E56
7.846377169233353E56
1.5692754338466705E57
3.138550867693341E57
6.277101735386682E57
1.2554203470773364E58
2.510840694154673E58
5.021681388309346E58
1.0043362776618691E59
2.0086725553237383E59
4.017345110647477E59
8.034690221294953E59
1.6069380442589906E60
3.213876088517981E60
6.427752177035963E60
1.2855504354071925E61
2.571100870814385E61
5.14220174162877E61
1.028440348325754E62
2.056880696651508E62
4.113761393303016E62
8.227522786606032E62
1.6455045573212064E63
3.291009114642413E63
6.582018229284826E63
1.316403645856965E64
2.63280729171393E64
5.26561458342786E64
1.053122916685572E65
2.106245833371144E65
4.212491666742288E65
8.424983333484577E65
1.6849966666969154E66
3.369993333393831E66
6.739986666787661E66
1.3479973333575323E67
2.6959946667150646E67
5.391989333430129E67
1.0783978666860258E68
2.1567957333720517E68
4.313591466744103E68
8.627182933488207E68
1.7254365866976413E69
3.450873173395283E69
6.901746346790565E69
1.380349269358113E70
2.760698538716226E70
5.521397077432452E70
1.1042794154864905E71
2.208558830972981E71
4.417117661945962E71
8.834235323891924E71
1.7668470647783847E72
3.5336941295567694E72
7.067388259113539E72
1.4134776518227078E73
2.8269553036454156E73
5.653910607290831E73
1.1307821214581662E74
2.2615642429163324E74
4.523128485832665E74
9.04625697166533E74
1.809251394333066E75
3.618502788666132E75
7.237005577332264E75
1.4474011154664528E76
2.8948022309329055E76
5.789604461865811E76
1.1579208923731622E77
2.3158417847463244E77
4.631683569492649E77
9.263367138985298E77
1.8526734277970595E78
3.705346855594119E78
7.410693711188238E78
1.4821387422376476E79
2.964277484475295E79
5.92855496895059E79
1.185710993790118E80
2.371421987580236E80
4.742843975160472E80
9.485687950320945E80
1.897137590064189E81
3.794275180128378E81
7.588550360256756E81
1.5177100720513512E82
3.0354201441027023E82
6.070840288205405E82
1.214168057641081E83
2.428336115282162E83
4.856672230564324E83
9.713344461128648E83
1.9426688922257295E84
3.885337784451459E84
7.770675568902918E84
1.5541351137805836E85
3.108270227561167E85
6.216540455122334E85
1.243308091024467E86
2.486616182048934E86
4.973232364097868E86
9.946464728195735E86
1.989292945639147E87
3.978585891278294E87
7.957171782556588E87
1.5914343565113176E88
3.182868713022635E88
6.36573742604527E88
1.273147485209054E89
2.546294970418108E89
5.092589940836216E89
1.0185179881672433E90
2.0370359763344865E90
4.074071952668973E90
8.148143905337946E90
1.6296287810675892E91
3.2592575621351785E91
6.518515124270357E91
1.3037030248540714E92
2.607406049708143E92
5.214812099416286E92
1.042962419883257E93
2.085924839766514E93
4.171849679533028E93
8.343699359066057E93
1.6687398718132114E94
3.337479743626423E94
6.674959487252845E94
1.334991897450569E95
2.669983794901138E95
5.339967589802276E95
1.0679935179604553E96
2.1359870359209106E96
4.271974071841821E96
8.543948143683642E96
1.7087896287367284E97
3.417579257473457E97
6.835158514946914E97
1.3670317029893828E98
2.7340634059787655E98
5.468126811957531E98
1.0936253623915062E99
2.1872507247830124E99
4.374501449566025E99
8.74900289913205E99
1.74980057982641E100
3.49960115965282E100
6.99920231930564E100
1.399840463861128E101
2.799680927722256E101
5.599361855444512E101
1.1198723710889024E102
2.2397447421778047E102
4.479489484355609E102
8.958978968711219E102
1.7917957937422438E103
3.5835915874844875E103
7.167183174968975E103
1.433436634993795E104
2.86687326998759E104
5.73374653997518E104
1.146749307995036E105
2.293498615990072E105
4.586997231980144E105
9.173994463960288E105
1.8347988927920576E106
3.669597785584115E106
7.33919557116823E106
1.467839114233646E107
2.935678228467292E107
5.871356456934584E107
1.174271291386917E108
2.348542582773834E108
4.697085165547667E108
9.394170331095335E108
1.878834066219067E109
3.757668132438134E109
7.515336264876268E109
1.5030672529752536E110
3.006134505950507E110
6.012269011901014E110
1.202453802380203E111
2.404907604760406E111
4.809815209520812E111
9.619630419041623E111
1.9239260838083246E112
3.847852167616649E112
7.695704335233298E112
1.5391408670466597E113
3.0782817340933194E113
6.156563468186639E113
1.2313126936373277E114
2.4626253872746555E114
4.925250774549311E114
9.850501549098622E114
1.9701003098197244E115
3.940200619639449E115
7.880401239278898E115
1.5760802478557795E116
3.152160495711559E116
6.304320991423118E116
1.2608641982846236E117
2.521728396569247E117
5.043456793138494E117
1.008691358627699E118
2.017382717255398E118
4.034765434510796E118
8.069530869021591E118
1.6139061738043182E119
3.2278123476086365E119
6.455624695217273E119
1.2911249390434546E120
2.582249878086909E120
5.164499756173818E120
1.0328999512347637E121
2.0657999024695273E121
4.131599804939055E121
8.26319960987811E121
1.652639921975622E122
3.305279843951244E122
6.610559687902487E122
1.3221119375804975E123
2.644223875160995E123
5.28844775032199E123
1.057689550064398E124
2.115379100128796E124
4.230758200257592E124
8.461516400515184E124
1.6923032801030368E125
3.3846065602060736E125
6.769213120412147E125
1.3538426240824294E126
2.707685248164859E126
5.415370496329718E126
1.0830740992659435E127
2.166148198531887E127
4.332296397063774E127
8.664592794127548E127
1.7329185588255097E128
3.465837117651019E128
6.931674235302039E128
1.3863348470604077E129
2.7726696941208155E129
5.545339388241631E129
1.1090678776483262E130
2.2181357552966524E130
4.436271510593305E130
8.87254302118661E130
1.774508604237322E131
3.549017208474644E131
7.098034416949288E131
1.4196068833898575E132
2.839213766779715E132
5.67842753355943E132
1.135685506711886E133
2.271371013423772E133
4.542742026847544E133
9.085484053695088E133
1.8170968107390176E134
3.634193621478035E134
7.26838724295607E134
1.453677448591214E135
2.907354897182428E135
5.814709794364856E135
1.1629419588729713E136
2.3258839177459426E136
4.651767835491885E136
9.30353567098377E136
1.860707134196754E137
3.721414268393508E137
7.442828536787016E137
1.4885657073574032E138
2.9771314147148065E138
5.954262829429613E138
1.1908525658859226E139
2.381705131771845E139
4.76341026354369E139
9.52682052708738E139
1.905364105417476E140
3.810728210834952E140
7.621456421669905E140
1.524291284333981E141
3.048582568667962E141
6.097165137335924E141
1.2194330274671847E142
2.4388660549343695E142
4.877732109868739E142
9.755464219737478E142
1.9510928439474956E143
3.902185687894991E143
7.804371375789982E143
1.5608742751579965E144
3.121748550315993E144
6.243497100631986E144
1.2486994201263972E145
2.4973988402527943E145
4.994797680505589E145
9.989595361011177E145
1.9979190722022355E146
3.995838144404471E146
7.991676288808942E146
1.5983352577617884E147
3.196670515523577E147
6.393341031047154E147
1.2786682062094307E148
2.5573364124188614E148
5.114672824837723E148
1.0229345649675446E149
2.045869129935089E149
4.091738259870178E149
8.183476519740356E149
1.6366953039480713E150
3.2733906078961426E150
6.546781215792285E150
1.309356243158457E151
2.618712486316914E151
5.237424972633828E151
1.0474849945267656E152
2.0949699890535313E152
4.1899399781070625E152
8.379879956214125E152
1.675975991242825E153
3.35195198248565E153
6.7039039649713E153
1.34078079299426E154
2.68156158598852E154
5.36312317197704E154
1.072624634395408E155
2.145249268790816E155
4.290498537581632E155
8.580997075163264E155
1.716199415032653E156
3.432398830065306E156
6.864797660130611E156
1.3729595320261222E157
2.7459190640522445E157
5.491838128104489E157
1.0983676256208978E158
2.1967352512417956E158
4.393470502483591E158
8.786941004967182E158
1.7573882009934365E159
3.514776401986873E159
7.029552803973746E159
1.4059105607947492E160
2.8118211215894984E160
5.623642243178997E160
1.1247284486357993E161
2.2494568972715987E161
4.498913794543197E161
8.997827589086395E161
1.799565517817279E162
3.599131035634558E162
7.198262071269116E162
1.4396524142538232E163
2.8793048285076463E163
5.758609657015293E163
1.1517219314030585E164
2.303443862806117E164
4.606887725612234E164
9.213775451224468E164
1.8427550902448936E165
3.685510180489787E165
7.371020360979575E165
1.474204072195915E166
2.94840814439183E166
5.89681628878366E166
1.179363257756732E167
2.358726515513464E167
4.717453031026928E167
9.434906062053855E167
1.886981212410771E168
3.773962424821542E168
7.547924849643084E168
1.509584969928617E169
3.019169939857234E169
6.038339879714468E169
1.2076679759428935E170
2.415335951885787E170
4.830671903771574E170
9.661343807543148E170
1.9322687615086296E171
3.864537523017259E171
7.729075046034518E171
1.5458150092069037E172
3.0916300184138074E172
6.183260036827615E172
1.236652007365523E173
2.473304014731046E173
4.946608029462092E173
9.893216058924184E173
1.9786432117848367E174
3.957286423569673E174
7.914572847139347E174
1.5829145694278694E175
3.165829138855739E175
6.331658277711477E175
1.2663316555422955E176
2.532663311084591E176
5.065326622169182E176
1.0130653244338364E177
2.026130648867673E177
4.052261297735346E177
8.104522595470691E177
1.6209045190941382E178
3.2418090381882765E178
6.483618076376553E178
1.2967236152753106E179
2.593447230550621E179
5.186894461101242E179
1.0373788922202485E180
2.074757784440497E180
4.149515568880994E180
8.299031137761988E180
1.6598062275523976E181
3.319612455104795E181
6.63922491020959E181
1.327844982041918E182
2.655689964083836E182
5.311379928167672E182
1.0622759856335344E183
2.124551971267069E183
4.249103942534138E183
8.498207885068275E183
1.699641577013655E184
3.39928315402731E184
6.79856630805462E184
1.359713261610924E185
2.719426523221848E185
5.438853046443696E185
1.0877706092887393E186
2.1755412185774785E186
4.351082437154957E186
8.702164874309914E186
1.740432974861983E187
3.480865949723966E187
6.961731899447931E187
1.3923463798895863E188
2.7846927597791725E188
5.569385519558345E188
1.113877103911669E189
2.227754207823338E189
4.455508415646676E189
8.911016831293352E189
1.7822033662586704E190
3.564406732517341E190
7.128813465034682E190
1.4257626930069363E191
2.8515253860138726E191
5.703050772027745E191
1.140610154405549E192
2.281220308811098E192
4.562440617622196E192
9.124881235244392E192
1.8249762470488785E193
3.649952494097757E193
7.299904988195514E193
1.4599809976391028E194
2.9199619952782056E194
5.839923990556411E194
1.1679847981112822E195
2.3359695962225645E195
4.671939192445129E195
9.343878384890258E195
1.8687756769780516E196
3.737551353956103E196
7.475102707912206E196
1.4950205415824413E197
2.9900410831648825E197
5.980082166329765E197
1.196016433265953E198
2.392032866531906E198
4.784065733063812E198
9.568131466127624E198
1.913626293225525E199
3.82725258645105E199
7.6545051729021E199
1.53090103458042E200
3.06180206916084E200
6.12360413832168E200
1.224720827664336E201
2.449441655328672E201
4.898883310657344E201
9.797766621314687E201
1.9595533242629374E202
3.919106648525875E202
7.83821329705175E202
1.56764265941035E203
3.1352853188207E203
6.2705706376414E203
1.25411412752828E204
2.50822825505656E204
5.01645651011312E204
1.003291302022624E205
2.006582604045248E205
4.013165208090496E205
8.026330416180992E205
1.6052660832361983E206
3.210532166472397E206
6.421064332944793E206
1.2842128665889587E207
2.5684257331779173E207
5.136851466355835E207
1.027370293271167E208
2.054740586542334E208
4.109481173084668E208
8.218962346169335E208
1.643792469233867E209
3.287584938467734E209
6.575169876935468E209
1.3150339753870937E210
2.6300679507741873E210
5.260135901548375E210
1.052027180309675E211
2.10405436061935E211
4.2081087212387E211
8.4162174424774E211
1.68324348849548E212
3.36648697699096E212
6.73297395398192E212
1.346594790796384E213
2.693189581592768E213
5.386379163185536E213
1.0772758326371071E214
2.1545516652742143E214
4.309103330548429E214
8.618206661096857E214
1.7236413322193714E215
3.447282664438743E215
6.894565328877486E215
1.378913065775497E216
2.757826131550994E216
5.515652263101989E216
1.1031304526203977E217
2.2062609052407954E217
4.412521810481591E217
8.825043620963182E217
1.7650087241926363E218
3.530017448385273E218
7.060034896770545E218
1.412006979354109E219
2.824013958708218E219
5.648027917416436E219
1.1296055834832872E220
2.2592111669665745E220
4.518422333933149E220
9.036844667866298E220
1.8073689335732596E221
3.614737867146519E221
7.229475734293038E221
1.4458951468586077E222
2.8917902937172154E222
5.783580587434431E222
1.1567161174868861E223
2.3134322349737723E223
4.626864469947545E223
9.25372893989509E223
1.850745787979018E224
3.701491575958036E224
7.402983151916071E224
1.4805966303832143E225
2.9611932607664285E225
5.922386521532857E225
1.1844773043065714E226
2.368954608613143E226
4.737909217226286E226
9.475818434452571E226
1.8951636868905143E227
3.7903273737810285E227
7.580654747562057E227
1.5161309495124114E228
3.032261899024823E228
6.064523798049646E228
1.212904759609929E229
2.425809519219858E229
4.851619038439716E229
9.703238076879433E229
1.9406476153758866E230
3.881295230751773E230
7.762590461503546E230
1.5525180923007093E231
3.1050361846014186E231
6.210072369202837E231
1.2420144738405674E232
2.484028947681135E232
4.96805789536227E232
9.93611579072454E232
1.987223158144908E233
3.974446316289816E233
7.948892632579632E233
1.5897785265159263E234
3.1795570530318526E234
6.359114106063705E234
1.271822821212741E235
2.543645642425482E235
5.087291284850964E235
1.0174582569701928E236
2.0349165139403857E236
4.069833027880771E236
8.139666055761543E236
1.6279332111523085E237
3.255866422304617E237
6.511732844609234E237
1.3023465689218468E238
2.6046931378436937E238
5.209386275687387E238
1.0418772551374775E239
2.083754510274955E239
4.16750902054991E239
8.33501804109982E239
1.667003608219964E240
3.334007216439928E240
6.668014432879856E240
1.3336028865759712E241
2.6672057731519423E241
5.334411546303885E241
1.066882309260777E242
2.133764618521554E242
4.267529237043108E242
8.535058474086215E242
1.707011694817243E243
3.414023389634486E243
6.828046779268972E243
1.3656093558537945E244
2.731218711707589E244
5.462437423415178E244
1.0924874846830356E245
2.184974969366071E245
4.369949938732142E245
8.739899877464285E245
1.747979975492857E246
3.495959950985714E246
6.991919901971428E246
1.3983839803942855E247
2.796767960788571E247
5.593535921577142E247
1.1187071843154284E248
2.237414368630857E248
4.474828737261714E248
8.949657474523427E248
1.7899314949046855E249
3.579862989809371E249
7.159725979618742E249
1.4319451959237484E250
2.863890391847497E250
5.727780783694994E250
1.1455561567389987E251
2.2911123134779974E251
4.582224626955995E251
9.16444925391199E251
1.832889850782398E252
3.665779701564796E252
7.331559403129592E252
1.4663118806259183E253
2.932623761251837E253
5.865247522503673E253
1.1730495045007347E254
2.3460990090014693E254
4.692198018002939E254
9.384396036005877E254
1.8768792072011755E255
3.753758414402351E255
7.507516828804702E255
1.5015033657609404E256
3.003006731521881E256
6.006013463043762E256
1.2012026926087523E257
2.4024053852175046E257
4.804810770435009E257
9.609621540870018E257
1.9219243081740037E258
3.843848616348007E258
7.687697232696015E258
1.537539446539203E259
3.075078893078406E259
6.150157786156812E259
1.2300315572313624E260
2.4600631144627247E260
4.920126228925449E260
9.840252457850899E260
1.9680504915701798E261
3.9361009831403595E261
7.872201966280719E261
1.5744403932561438E262
3.1488807865122876E262
6.297761573024575E262
1.259552314604915E263
2.51910462920983E263
5.03820925841966E263
1.007641851683932E264
2.015283703367864E264
4.030567406735728E264
8.061134813471456E264
1.6122269626942913E265
3.2244539253885825E265
6.448907850777165E265
1.289781570155433E266
2.579563140310866E266
5.159126280621732E266
1.0318252561243464E267
2.063650512248693E267
4.127301024497386E267
8.254602048994771E267
1.6509204097989543E268
3.3018408195979085E268
6.603681639195817E268
1.3207363278391634E269
2.641472655678327E269
5.282945311356654E269
1.0565890622713307E270
2.1131781245426615E270
4.226356249085323E270
8.452712498170646E270
1.690542499634129E271
3.381084999268258E271
6.762169998536517E271
1.3524339997073033E272
2.7048679994146067E272
5.409735998829213E272
1.0819471997658427E273
2.1638943995316853E273
4.327788799063371E273
8.655577598126741E273
1.7311155196253483E274
3.4622310392506965E274
6.924462078501393E274
1.3848924157002786E275
2.769784831400557E275
5.539569662801114E275
1.107913932560223E276
2.215827865120446E276
4.431655730240892E276
8.863311460481783E276
1.7726622920963566E277
3.545324584192713E277
7.090649168385426E277
1.4181298336770853E278
2.8362596673541706E278
5.672519334708341E278
1.1345038669416682E279
2.2690077338833365E279
4.538015467766673E279
9.076030935533346E279
1.815206187106669E280
3.630412374213338E280
7.260824748426677E280
1.4521649496853353E281
2.904329899370671E281
5.808659798741341E281
1.1617319597482683E282
2.3234639194965366E282
4.646927838993073E282
9.293855677986146E282
1.8587711355972292E283
3.7175422711944585E283
7.435084542388917E283
1.4870169084777834E284
2.974033816955567E284
5.948067633911134E284
1.1896135267822267E285
2.3792270535644534E285
4.758454107128907E285
9.516908214257814E285
1.9033816428515627E286
3.8067632857031255E286
7.613526571406251E286
1.5227053142812502E287
3.0454106285625004E287
6.090821257125001E287
1.2181642514250002E288
2.4363285028500003E288
4.872657005700001E288
9.745314011400001E288
1.9490628022800002E289
3.8981256045600005E289
7.796251209120001E289
1.5592502418240002E290
3.1185004836480004E290
6.237000967296001E290
1.2474001934592002E291
2.4948003869184003E291
4.989600773836801E291
9.979201547673601E291
1.9958403095347203E292
3.9916806190694405E292
7.983361238138881E292
1.5966722476277762E293
3.1933444952555524E293
6.386688990511105E293
1.277337798102221E294
2.554675596204442E294
5.109351192408884E294
1.0218702384817768E295
2.0437404769635535E295
4.087480953927107E295
8.174961907854214E295
1.634992381570843E296
3.269984763141686E296
6.539969526283371E296
1.3079939052566743E297
2.6159878105133485E297
5.231975621026697E297
1.0463951242053394E298
2.092790248410679E298
4.185580496821358E298
8.371160993642715E298
1.674232198728543E299
3.348464397457086E299
6.696928794914172E299
1.3393857589828344E300
2.678771517965669E300
5.357543035931338E300
1.0715086071862676E301
2.143017214372535E301
4.28603442874507E301
8.57206885749014E301
1.714413771498028E302
3.428827542996056E302
6.857655085992112E302
1.3715310171984225E303
2.743062034396845E303
5.48612406879369E303
1.097224813758738E304
2.194449627517476E304
4.388899255034952E304
8.777798510069904E304
1.7555597020139808E305
3.5111194040279615E305
7.022238808055923E305
1.4044477616111846E306
2.808895523222369E306
5.617791046444738E306
1.1235582092889477E307
2.2471164185778954E307
4.49423283715579E307
8.98846567431158E307
Infinity
